0000   ff ff ff ff ff ff 00 08 74 4f 36 23 08 00 45 00
0010   01 48 b3 10 00 00 80 11 86 95 00 00 00 00 ff ff
0020   ff ff 00 44 00 43 01 34 e9 7b 01 01 06 00 3e 5e
0030   0c e3 00 00 00 00 00 00 00 00 00 00 00 00 00 00   
0040   00 00 00 00 00 00 00 08 74 4f 36 23 00 00 00 00
0050   00 00 00 00 00 00 00 00 00 00 00 00 00 00 00 00   
0060   00 00 00 00 00 00 00 00 00 00 00 00 00 00 00 00   
0070   00 00 00 00 00 00 00 00 00 00 00 00 00 00 00 00   
0080   00 00 00 00 00 00 00 00 00 00 00 00 00 00 00 00   
0090   00 00 00 00 00 00 00 00 00 00 00 00 00 00 00 00   
00a0   00 00 00 00 00 00 00 00 00 00 00 00 00 00 00 00   
00b0   00 00 00 00 00 00 00 00 00 00 00 00 00 00 00 00   
00c0   00 00 00 00 00 00 00 00 00 00 00 00 00 00 00 00   
00d0   00 00 00 00 00 00 00 00 00 00 00 00 00 00 00 00   
00e0   00 00 00 00 00 00 00 00 00 00 00 00 00 00 00 00   
00f0   00 00 00 00 00 00 00 00 00 00 00 00 00 00 00 00   
0100   00 00 00 00 00 00 00 00 00 00 00 00 00 00 00 00   
0110   00 00 00 00 00 00 63 82 53 63 35 01 01 74 01 01
0120   3d 07 01 00 08 74 4f 36 23 32 04 c0 a8 01 65 0c
0130   04 4e 6f 68 6f 3c 08 4d 53 46 54 20 35 2e 30 37   
0140   0b 01 0f 03 06 2c 2e 2f 1f 21 f9 2b ff 00 00 00  
0150   00 00 00 00 00 00                                 